0.015753 214
2.373594 41
2.599587 11
0.202593 39
1.221412 1
0.215110 1
0.172484 1
0.172457 1
0.143675 1
0.424411 2
0.000672 35
0.000090 50
0.000016 16
1.526207 1
0.409719 2
0.001687 14
0.813239 1
0.508316 1
0.444634 3
0.166146 3
0.664227 1
0.232182 1
0.207735 1
0.082678 1
0.258938 1
0.419377 1
0.071571 1
0.153980 1
0.149201 1
3.434828 24
0.565300 1
0.223848 1
0.712570 1
0.128772 1
0.118964 1
0.096084 1
0.145636 1
0.742108 1
0.091945 1
0.196102 1
0.095894 1
0.371788 1
0.461051 1
0.167075 1
0.168168 1
0.127965 1
0.120697 1
0.801968 12
1.317753 1
0.135720 1
1.720245 1
0.095535 1
1.155156 2
0.004238 145
0.000057 16
5.743619 1
0.356198 2
0.000505 14
1.028424 1
0.215897 1
0.152060 1
0.104137 1
0.240768 1
0.269289 1
0.172996 1
0.216373 1
0.184287 1
0.124078 1
1.721868 2
0.000500 22
2.430431 1
0.535295 1
0.869595 1
0.538893 1
0.327651 1
0.232062 1
0.336823 1
0.098055 1
0.175982 1
0.175599 1
0.231843 1
2.277779 3
0.191731 3
0.143868 1
7.041792 2
0.000486 10
1.101592 1
0.098955 1
0.553919 3
0.123556 3
0.112402 1
0.355382 1
0.150368 1
0.165672 1
0.848494 2
0.001388 95
0.000351 66
6.670729 1
1.507229 1
0.790288 3
2.566090 2
0.000317 14
1.680104 1
1.451718 3
0.951056 1
0.332398 1
0.558456 1
0.182964 1
0.474381 1
0.512738 1
0.342464 1
0.190622 1
0.130198 1
0.160213 1
0.170239 1
0.077846 1
0.182833 1
0.433601 1
1.044554 2
0.000431 22
0.475370 1
0.215070 1
0.143656 1
0.120139 1
0.153446 1
0.214882 1
0.859068 1
0.188903 1
0.171521 1
0.189108 1
0.207139 1
0.080033 1
0.208813 1
0.119224 1
0.616724 2
0.000523 10
1.264179 1
0.456874 1
0.414365 1
0.186787 1
1.784246 2
0.002239 95
0.000315 50
0.000079 16
1.108598 1
3.232173 3
0.757163 1
0.280020 2
0.000246 14
0.792234 1
0.256169 1
0.206899 1
0.168063 1
0.256169 1
0.304642 1
0.250038 1
0.197741 1
0.104019 1
0.175576 1
0.121841 1
0.086438 1
0.117759 1
0.139353 1
2.009491 2
0.000737 22
0.396493 1
0.215996 1
0.144387 1
0.105760 1
0.152997 1
0.419083 1
0.392042 1
0.170532 1
0.195557 1
0.307751 1
1.359753 1
0.080499 1
0.319656 1
0.114324 1
1.368645 2
0.000927 10
0.812771 1
0.079461 1
0.159674 1
0.464190 1
0.807629 2
0.001608 161
1.239212 1
0.705439 2
0.000376 14
1.060550 1
0.228357 1
0.134220 1
0.062123 1
0.123558 1
0.160149 1
0.069436 1
0.167141 1
0.176283 1
2.801023 2
0.000395 22
3.406584 1
0.552030 1
0.127496 1
0.128725 1
0.120018 1
0.191643 1
0.128131 1
0.080591 1
1.037767 12
1.513317 1
0.080588 1
0.199275 1
0.279976 1
0.528673 3
0.113546 3
0.813595 1
0.072825 1
0.375922 2
0.000440 53
0.000094 2
0.000087 2
0.000061 31
0.000038 2
0.000424 48
0.000050 2
0.000100 16
4.531783 1
0.709455 35
0.533438 1
0.215913 1
0.114797 1
0.053611 1
0.105568 1
0.118319 1
0.087445 1
0.164859 1
0.165690 1
0.758220 2
0.001338 15
0.000057 2
0.000145 56
0.000049 2
0.006794 47
0.000178 2
0.017395 2
0.000101 31
0.000139 2
0.000176 48
0.000126 2
0.000336 16
3.365330 1
0.704500 35
0.839558 1
0.807077 1
1.139520 1
0.108940 1
1.824058 1
0.212178 1
0.156588 1
0.215908 1
0.983212 2
0.007396 51
0.000074 2
0.007620 12
0.000048 2
0.000095 57
5.345329 1
5.063772 2
0.000807 15
0.000062 2
0.000118 56
0.000045 2
0.000871 47
0.000047 2
0.000852 2
0.000047 31
0.000047 2
0.000221 48
0.000029 2
0.000079 16
1.316154 1
2.008756 35
1.879591 1
0.248273 1
0.263399 1
0.144167 1
0.256045 1
0.145681 1
0.261543 1
0.229814 1
0.123156 1
0.151659 1
0.143548 1
0.112315 1
0.829106 3
0.139283 3
0.412815 3
0.699514 1
0.551874 3
0.927715 1
0.175520 1
0.152086 1
0.848204 2
0.001285 53
0.000531 19
0.000268 19
0.000078 57
6.022102 1
1.256603 2
0.001143 17
0.000009 60
0.000230 49
0.000850 101
6.341091 1
0.727880 2
0.000619 33
0.543777 1
0.287656 1
0.167858 1
0.440145 1
1.314583 1
0.381145 1
0.160752 1
0.183595 1
0.193471 1
0.156581 1
6.435609 2
0.002026 17
0.000547 101
0.001126 101
3.796476 1
0.998384 2
0.000737 33
1.401337 1
0.133406 1
0.127896 1
0.104386 1
0.303699 1
0.313321 1
0.256297 1
0.190172 1
0.072242 1
0.177842 1
0.181791 1
0.080644 1
0.199905 1
0.232205 1
0.328473 2
0.000799 15
0.000053 2
0.000213 58
0.000045 2
0.000122 47
0.000045 2
0.000777 2
0.000059 31
0.000080 2
0.000103 48
0.000043 2
0.000079 16
4.571078 1
0.317185 2
0.010433 26
0.000253 2
0.001236 63
0.000967 2
0.000852 65
0.000230 2
0.001103 57
0.000813 2
0.001665 36
0.000192 2
0.001213 18
0.000208 2
0.000259 14
0.000180 2
0.000429 18
0.000789 2
0.000319 13
0.000199 2
0.000505 13
0.000306 2
0.000221 26
0.000172 2
0.031717 19
0.000165 2
0.007779 19
0.000193 2
0.001447 14
0.000055 2
0.000411 17
0.000097 35
0.000118 50
0.000054 16
14.224198 1
0.924512 19
0.005246 214
0.742050 41
0.876961 11
0.266844 39
1.812973 1
0.202709 1
0.207224 1
0.103758 1
0.110559 1
0.177045 1
0.414188 2
0.000552 35
0.000128 50
0.000109 16
3.465503 1
0.244368 1
1.537489 3
0.200252 3
0.455603 1
0.249244 2
0.000521 14
0.430595 1
0.215382 1
0.112308 1
0.048079 1
0.095405 1
0.144017 1
0.080134 1
0.160279 1
0.173134 1
0.858662 2
0.000486 22
1.085678 1
0.066000 1
0.137842 1
0.078383 1
0.359898 2
0.000271 10
0.447354 1
0.087792 1
0.791336 1
0.081289 1
0.281389 2
0.005548 53
0.000716 4
0.000324 81
0.000011 2
0.000354 16
3.768064 1
1.108259 2
0.000342 33
1.135416 1
0.227664 1
0.120549 1
0.088489 1
0.075066 1
0.131711 1
0.079820 1
0.162424 1
0.748743 3
0.129487 3
0.695312 1
0.103984 1
0.208112 1
0.488688 2
0.002704 17
0.000165 58
0.007095 49
0.016889 101
4.083038 1
0.673025 2
0.007070 28
0.023484 65
0.000721 67
0.000487 59
0.000705 38
0.000365 15
0.000068 28
0.015920 19
0.000022 56
0.000430 101
24.247712 1
0.615568 2
0.000323 33
0.504009 1
0.253288 1
0.114627 1
0.080202 1
0.264346 1
0.136832 1
0.118623 1
0.511679 1
0.601093 2
0.012733 165
3.298986 1
0.273494 2
0.000254 33
0.468435 1
0.233635 1
0.103674 1
0.087806 1
0.242310 1
0.149404 1
0.127782 1
0.199945 1
0.168376 1
0.143589 1
0.394850 2
0.003947 17
0.000048 101
0.001664 35
0.000147 66
2.207417 1
0.345880 2
0.001161 28
0.000633 65
0.000521 59
0.000919 67
0.002447 54
0.000279 15
0.000063 28
0.000775 21
0.000332 21
0.000959 16
0.000946 17
0.000130 35
0.000064 66
51.182682 1
1.022263 2
0.000235 33
0.872230 1
0.192580 1
0.172237 1
0.173881 1
0.406972 1
0.237041 1
0.329476 1
0.183328 1
0.082026 1
0.158486 1
0.111633 1
0.080304 1
0.136006 2
0.001930 51
0.001429 2
0.001452 17
0.000572 2
0.000559 19
0.000208 57
2.433971 1
0.313362 2
0.002754 17
0.000543 60
0.000085 49
0.003606 35
0.000013 66
1.136462 1
0.400318 2
0.000458 33
1.075762 1
0.186463 1
0.087783 1
0.159902 1
0.224920 1
0.087404 1
0.222550 1
0.186934 1
0.081803 1
0.150086 1
0.110199 1
0.112979 1
0.175625 1
0.383999 1
0.962138 2
0.003496 17
0.000466 60
0.000215 49
0.001997 101
2.999816 1
0.623424 2
0.000918 28
0.000587 65
0.000429 59
0.000525 67
0.000254 38
0.000114 20
0.000112 20
0.000046 16
0.000057 15
0.000008 28
0.000595 21
0.000487 21
0.000278 16
0.000290 17
0.000081 35
0.000106 66
51.139966 1
3.168962 2
0.000525 33
1.182189 1
0.207855 1
0.096150 1
0.144021 1
0.229640 1
0.147796 1
0.373058 1
0.282453 1
0.486832 1
0.176822 1
0.151345 1
0.122406 1
0.316979 1
0.121216 1
0.362437 2
0.002191 126
0.001815 35
0.000210 50
0.000364 16
2.960206 1
0.265792 2
0.000313 26
0.000062 2
0.000501 63
0.000061 2
0.000421 65
0.000061 2
0.000375 57
0.000059 2
0.000451 36
0.000061 2
0.000096 18
0.000100 2
0.000565 18
0.000053 2
0.000084 18
0.000051 2
0.000084 14
0.000051 2
0.000084 13
0.000051 2
0.000075 26
0.000077 2
0.000530 19
0.000054 2
0.000401 19
0.000053 2
0.000294 14
0.000053 2
0.000248 15
0.000052 2
0.000088 2
0.000051 31
0.000048 2
0.000129 48
0.000052 2
0.000078 16
51.032897 1
0.775677 17
0.000052 2
0.006457 214
10.185282 11
0.000011 4
0.000050 2
